#include<stdio.h>
void main(){
	int a,b,c=0;
	int arr[19][20]={
		{0,0,0,0,0,0,0,0,0,0,0,0,0,0,0,0,0,0,0,0,},
		{0,0,0,0,0,0,0,0,0,0,0,0,0,0,0,0,0,0,0,0,},
		{0,0,0,0,0,0,0,0,0,0,0,0,0,0,0,0,0,0,0,0,},
		{0,0,0,0,0,0,0,0,0,0,0,0,0,0,0,0,0,0,0,0,},
		{0,0,0,0,0,0,0,0,0,0,0,0,0,0,0,0,0,0,0,0,},
		{0,0,0,0,0,0,0,0,0,0,0,0,0,0,0,0,0,0,0,0,},
		{0,0,0,0,0,0,0,0,0,0,0,0,0,0,0,0,0,0,0,0,},
		{0,0,0,0,0,0,0,0,0,0,0,0,0,0,0,0,0,0,0,0,},
		{0,0,0,0,0,0,0,0,0,0,0,0,0,0,0,0,0,0,0,0,},
		{0,0,0,0,0,0,0,0,0,0,0,0,0,0,0,0,0,0,0,0,},
		{0,0,0,0,0,0,0,0,0,0,0,0,0,0,0,0,0,0,0,0,},
		{0,0,0,0,0,0,0,0,0,0,0,0,0,0,0,0,0,0,0,0,},
		{0,0,0,0,0,0,0,0,0,0,0,0,0,0,0,0,0,0,0,0,},
		{0,0,0,0,0,0,0,0,0,0,0,0,0,0,0,0,0,0,0,0,},
		{0,0,0,0,0,0,0,0,0,0,0,0,0,0,0,0,0,0,0,0,},
		{0,0,0,0,0,0,0,0,0,0,0,0,0,0,0,0,0,0,0,0,},
		{0,0,0,0,0,0,0,0,0,0,0,0,0,0,0,0,0,0,0,0,},
		{0,0,0,0,0,0,0,0,0,0,0,0,0,0,0,0,0,0,0,0,},
		{0,0,0,0,0,0,0,0,0,0,0,0,0,0,0,0,0,0,0,0,},

	};
	for(a=0;a<19;a++)
	{for(b=0;b<20;b++){
	printf("     %d",arr[a][b]);
	}
	printf("\n");
	}
	for(a=0;a<19;a++)
	{for(b=0;b<20;b++){
	arr[a][b]=c;
	c++;
	if(c<10){
	printf("  ");
	}
	}
	printf("     %d",arr[a][b]);
	printf("\n");
	}
	}
